0.00
0.01
0.01
0.01
0.01
0.01
0.01
0.01
0.01
0.01
0.01
0.01
0.01
0.01
0.01
0.18
0.61
0.51
0.49
0.50
0.51
0.51
0.52
0.47
0.60
0.71
0.68
0.65
0.55
0.49
0.44
0.41
0.39
0.37
0.35
0.33
0.30
0.30
0.30
0.60
0.71
0.66
0.62
0.58
0.52
0.47
0.42
0.39
0.72
0.66
0.55
0.55
0.49
0.47
0.43
0.39
0.36
0.30
0.30
0.27
0.29
0.27
0.49
0.72
0.65
0.59
0.47
0.39
0.33
0.31
0.32
0.34
0.35
0.34
0.33
0.30
0.27
0.25
0.20
0.16
0.11
0.08
0.05
0.05
0.04
0.03
0.02
0.01
0.01
0.01
0.01
0.01
0.01
0.01
0.01
0.01
0.01
0.01
0.01
0.01
0.01
0.01
0.01
0.01
0.01
0.01
0.01
0.01
0.01
0.48
0.75
0.70
0.68
0.63
0.58
0.53
0.47
0.43
0.70
0.66
0.62
0.58
0.53
0.48
0.45
0.41
0.40
0.34
0.32
0.29
0.28
0.27
0.35
0.69
0.59
0.50
0.46
0.41
0.38
0.35
0.32
0.53
0.69
0.69
0.60
0.58
0.51
0.48
0.44
0.41
0.40
0.37
0.34
0.29
0.31
0.36
0.66
0.75
0.71
0.66
0.62
0.57
0.51
0.46
0.41
0.37
0.32
0.29
0.25
0.21
0.18
0.14
0.11
0.08
0.05
0.03
0.02
0.01
0.01
0.01
0.01
0.01
0.01
0.01
0.01
0.01
0.01
0.01
0.01
0.01
0.01
0.01
0.01
0.01
0.01
0.01
0.01
0.01
0.01
0.01
0.01
0.01
0.02
0.60
0.53
0.49
0.50
0.52
0.52
0.51
0.50
0.51
0.72
0.69
0.67
0.59
0.50
0.46
0.40
0.36
0.32
0.31
0.30
0.30
0.31
0.34
0.49
0.73
0.67
0.63
0.59
0.54
0.49
0.44
0.40
0.63
0.66
0.57
0.57
0.47
0.50
0.44
0.43
0.41
0.36
0.36
0.32
0.28
0.26
0.29
0.75
0.68
0.61
0.52
0.41
0.35
0.31
0.31
0.32
0.33
0.34
0.33
0.32
0.28
0.25
0.22
0.17
0.13
0.09
0.06
0.05
0.04
0.03
0.02
0.02
0.05
0.64
0.21
0.10
0.47
0.10
0.11
0.52
0.16
0.03
0.02
0.01
0.26
0.48
0.11
0.03
0.01
0.01
0.29
0.37
0.07
0.27
0.74
0.65
0.56
0.48
0.41
0.37
0.34
0.33
0.53
0.71
0.67
0.63
0.61
0.55
0.51
0.48
0.42
0.38
0.37
0.34
0.26
0.27
0.24
0.54
0.60
0.54
0.48
0.43
0.39
0.35
0.33
0.33
0.69
0.64
0.59
0.53
0.53
0.44
0.44
0.39
0.38
0.36
0.32
0.33
0.32
0.38
0.56
0.74
0.71
0.69
0.64
0.61
0.56
0.49
0.43
0.37
0.32
0.27
0.23
0.18
0.15
0.13
0.12
0.12
0.12
0.10
0.08
0.07
0.05
0.04
0.02
0.02
0.33
0.47
0.11
0.18
0.40
0.07
0.27
0.39
0.08
0.02
0.01
0.01
0.01
0.01
0.01
0.01
0.01
0.01
0.01
0.01
0.01
0.03
0.03
0.03
0.03
0.03
0.04
0.05
0.06
0.07
0.12
0.12
0.16
0.18
0.20
0.23
0.23
0.25
0.23
0.23
0.24
0.23
0.29
0.27
0.28
0.18
0.16
0.17
0.18
0.17
0.18
0.19
0.18
0.23
0.27
0.29
0.24
0.14
0.19
0.23
0.19
0.16
0.17
0.20
0.23
0.27
0.29
0.31
0.21
0.11
0.07
0.07
0.08
0.09
0.12
0.11
0.10
0.12
0.10
0.10
0.09
0.04
0.04
0.09
0.03
0.01
0.01
0.01
0.01
0.01
0.01
0.01
0.02
0.02
0.08
0.30
0.31
0.52
0.74
0.78
0.73
0.57
0.64
0.61
0.61
0.61
0.60
0.71
0.82
0.78
0.78
0.70
0.69
0.65
0.65
0.65
0.69
0.73
0.74
0.71
0.63
0.56
0.49
0.41
0.35
0.27
0.21
0.16
0.19
0.21
0.21
0.14
0.17
0.20
0.20
0.23
0.28
0.27
0.22
0.13
0.11
0.61
0.73
0.70
0.73
0.77
0.77
0.84
0.84
0.85
0.84
0.81
0.83
0.76
0.75
0.70
0.57
0.47
0.42
0.43
0.44
0.43
0.32
0.29
0.24
0.19
0.15
0.13
0.12
0.12
0.12
0.12
0.10
0.12
0.13
0.03
0.02
0.01
0.01
0.10
0.11
0.01
0.08
0.07
0.01
0.05
0.04
0.26
0.78
0.64
0.76
0.79
0.73
0.86
0.81
0.83
0.84
0.83
0.87
0.90
0.88
0.90
0.91
0.84
0.88
0.80
0.68
0.65
0.59
0.52
0.50
0.48
0.42
0.38
0.36
0.30
0.26
0.26
0.27
0.25
0.25
0.22
0.17
0.16
0.16
0.19
0.23
0.28
0.30
0.32
0.30
0.30
0.15
0.11
0.17
0.54
0.30
0.26
0.61
0.42
0.38
0.60
0.41
0.24
0.12
0.16
0.25
0.30
0.28
0.24
0.19
0.23
0.27
0.31
0.32
0.36
0.26
0.09
0.07
0.07
0.08
0.15
0.16
0.10
0.20
0.17
0.10
0.17
0.11
0.04
0.16
0.10
0.01
0.01
0.01
0.01
0.01
0.01
0.01
0.01
0.01
0.01
0.01
0.01
0.01
0.01
0.01
0.01
0.01
0.01
0.01
0.01
0.01
0.01
0.01
0.01
0.01
0.01
0.01
0.01
0.01
0.01
0.01
0.02
0.03
0.03
0.04
0.05
0.06
0.07
0.08
0.18
0.17
0.17
0.17
0.19
0.21
0.15
0.19
0.27
0.31
0.30
0.30
0.28
0.29
0.28
0.18
0.12
0.20
0.58
0.65
0.65
0.54
0.78
0.59
0.58
0.85
0.52
0.31
0.22
0.30
0.24
0.22
0.21
0.18
0.20
0.23
0.26
0.30
0.17
0.10
0.08
0.08
0.07
0.08
0.11
0.10
0.10
0.10
0.09
0.09
0.06
0.03
0.03
0.06
0.03
0.04
0.04
0.02
0.02
0.02
0.02
0.02
0.01
0.01
0.49
0.56
0.33
0.44
0.44
0.24
0.48
0.46
0.25
0.06
0.02
0.01
0.01
0.01
0.01
0.01
0.01
0.01
0.01
0.01
0.07
0.61
0.51
0.49
0.50
0.51
0.50
0.52
0.48
0.51
0.74
0.67
0.64
0.59
0.50
0.44
0.40
0.38
0.38
0.37
0.38
0.36
0.34
0.34
0.51
0.73
0.66
0.62
0.57
0.53
0.48
0.44
0.40
0.65
0.64
0.60
0.54
0.50
0.49
0.44
0.42
0.37
0.37
0.36
0.35
0.32
0.28
0.30
0.69
0.62
0.58
0.48
0.40
0.34
0.30
0.30
0.32
0.32
0.33
0.32
0.31
0.28
0.25
0.21
0.17
0.13
0.09
0.06
0.05
0.04
0.03
0.03
0.02
0.02
0.70
0.78
0.83
0.52
0.59
0.65
0.77
0.79
0.80
0.76
0.74
0.77
0.91
0.83
0.79
0.81
0.76
0.77
0.69
0.68
0.73
0.73
0.73
0.74
0.64
0.59
0.49
0.42
0.35
0.57
0.72
0.65
0.61
0.57
0.53
0.48
0.44
0.42
0.37
0.34
0.30
0.29
0.29
0.27
0.65
0.61
0.52
0.46
0.42
0.39
0.38
0.36
0.41
0.75
0.68
0.63
0.60
0.53
0.51
0.48
0.45
0.41
0.39
0.37
0.33
0.31
0.32
0.54
0.76
0.72
0.67
0.63
0.59
0.52
0.47
0.41
0.38
0.32
0.29
0.25
0.22
0.18
0.16
0.14
0.14
0.15
0.16
0.16
0.17
0.18
0.15
0.01
0.01
0.23
0.63
0.65
0.56
0.57
0.52
0.45
0.62
0.60
0.44
0.11
0.03
0.03
0.02
0.02
0.03
0.05
0.06
0.05
0.04
0.04
0.56
0.73
0.69
0.64
0.61
0.55
0.51
0.45
0.43
0.68
0.66
0.60
0.55
0.49
0.46
0.47
0.47
0.40
0.35
0.38
0.38
0.32
0.34
0.39
0.76
0.65
0.76
0.85
0.86
0.88
0.95
0.99
0.91
0.83
0.82
0.85
0.87
0.88
0.84
0.72
0.48
0.33
0.31
0.33
0.30
0.28
0.26
0.64
0.73
0.67
0.64
0.61
0.56
0.51
0.49
0.43
0.38
0.35
0.32
0.29
0.26
0.23
0.20
0.17
0.14
0.11
0.08
0.06
0.04
0.02
0.02
0.02
0.02
0.17
0.48
0.52
0.59
0.72
0.74
0.74
0.65
0.72
0.59
0.50
0.56
0.76
0.86
0.82
0.50
0.30
0.36
0.82
0.84
0.65
0.86
0.84
0.80
0.72
0.56
0.50
0.56
0.58
0.61
0.73
0.69
0.62
0.60
0.56
0.51
0.48
0.46
0.37
0.34
0.33
0.31
0.28
0.27
0.41
0.63
0.54
0.49
0.45
0.41
0.37
0.33
0.31
0.61
0.65
0.56
0.58
0.49
0.49
0.46
0.41
0.40
0.39
0.41
0.35
0.29
0.27
0.30
0.75
0.72
0.68
0.65
0.61
0.57
0.50
0.46
0.39
0.34
0.27
0.22
0.19
0.17
0.16
0.15
0.16
0.16
0.17
0.17
0.17
0.18
0.18
0.03
0.02
0.02
0.07
0.13
0.18
0.36
0.50
0.69
0.84
0.89
0.88
0.88
0.80
0.77
0.56
0.38
0.28
0.32
0.50
0.47
0.38
0.32
0.40
0.61
0.55
0.49
0.45
0.41
0.37
0.33
0.30
0.56
0.72
0.67
0.58
0.53
0.50
0.47
0.41
0.40
0.37
0.39
0.37
0.35
0.29
0.24
0.60
0.63
0.60
0.55
0.47
0.38
0.31
0.29
0.39
0.73
0.63
0.65
0.59
0.60
0.54
0.48
0.45
0.41
0.37
0.35
0.37
0.36
0.34
0.43
0.54
0.49
0.45
0.41
0.38
0.35
0.31
0.30
0.28
0.26
0.23
0.21
0.18
0.16
0.13
0.10
0.08
0.05
0.03
0.02
0.01
0.03
0.02
0.01
0.01
0.27
0.64
0.63
0.57
0.53
0.51
0.49
0.61
0.60
0.37
0.05
0.01
0.46
0.65
0.64
0.49
0.06
0.02
0.49
0.61
0.50
0.72
0.72
0.68
0.67
0.62
0.57
0.52
0.48
0.42
0.67
0.59
0.55
0.48
0.46
0.45
0.45
0.42
0.37
0.32
0.32
0.33
0.32
0.31
0.31
0.58
0.56
0.63
0.48
0.45
0.52
0.71
0.69
0.79
0.67
0.76
0.75
0.75
0.77
0.72
0.75
0.68
0.60
0.52
0.46
0.41
0.40
0.42
0.61
0.63
0.61
0.59
0.57
0.54
0.51
0.48
0.44
0.42
0.37
0.33
0.29
0.25
0.22
0.19
0.17
0.16
0.16
0.16
0.16
0.17
0.17
0.07
0.01
0.01
0.57
0.62
0.62
0.70
0.93
0.88
0.95
1.00
0.96
0.94
0.97
0.92
0.69
0.36
0.12
0.08
0.13
0.06
0.05
0.04
0.09
0.65
0.58
0.52
0.47
0.42
0.39
0.35
0.32
0.42
0.73
0.69
0.63
0.53
0.51
0.48
0.43
0.38
0.36
0.36
0.34
0.31
0.28
0.29
0.44
0.64
0.61
0.57
0.50
0.41
0.33
0.29
0.29
0.68
0.67
0.66
0.60
0.62
0.53
0.53
0.47
0.45
0.38
0.37
0.34
0.33
0.30
0.29
0.51
0.48
0.44
0.42
0.38
0.36
0.33
0.30
0.28
0.26
0.24
0.22
0.19
0.16
0.14
0.11
0.08
0.06
0.03
0.02
0.01
0.02
0.02
0.02
0.02
0.03
0.22
0.33
0.33
0.72
0.76
0.77
0.64
0.67
0.63
0.59
0.61
0.49
0.46
0.46
0.56
0.51
0.50
0.60
0.88
0.83
0.81
0.74
0.78
0.71
0.63
0.42
0.50
0.59
0.61
0.64
0.73
0.62
0.54
0.48
0.40
0.40
0.40
0.38
0.35
0.36
0.33
0.33
0.34
0.36
0.62
0.66
0.61
0.60
0.68
0.66
0.73
0.70
0.69
0.78
0.76
0.70
0.57
0.48
0.50
0.47
0.42
0.40
0.40
0.36
0.37
0.35
0.34
0.52
0.67
0.62
0.58
0.53
0.48
0.45
0.41
0.37
0.34
0.32
0.28
0.17
0.17
0.21
0.17
0.15
0.11
0.06
0.05
0.05
0.05
0.04
0.03
0.04
0.02
0.33
0.59
0.69
0.55
0.51
0.56
0.49
0.60
0.59
0.42
0.10
0.03
0.03
0.03
0.03
0.06
0.08
0.08
0.07
0.08
0.06
0.08
0.06
0.07
0.11
0.20
0.13
0.08
0.07
0.07
0.15
0.18
0.13
0.05
0.05
0.04
0.04
0.07
0.08
0.14
0.05
0.04
0.05
0.05
0.07
0.10
0.04
0.04
0.08
0.10
0.11
0.12
0.10
0.17
0.17
0.15
0.10
0.07
0.07
0.08
0.08
0.11
0.06
0.05
0.06
0.10
0.11
0.07
0.08
0.06
0.04
0.08
0.13
0.05
0.07
0.04
0.05
0.10
0.07
0.05
0.06
0.02
0.04
0.07
0.02
0.02
0.01
0.01
0.04
0.06
0.02
0.02
0.01
0.01
0.05
0.07
0.02
0.01
0.01
0.01
0.06
0.06
0.03
0.06
0.04
0.02
0.05
0.03
0.02
0.07
0.03
0.03
0.02
0.04
0.02
0.02
0.02
0.04
0.15
0.20
0.13
0.10
0.08
0.09
0.23
0.22
0.14
0.11
0.07
0.05
0.05
0.13
0.17
0.15
0.05
0.09
0.08
0.08
0.13
0.13
0.08
0.14
0.21
0.20
0.24
0.19
0.12
0.15
0.15
0.13
0.11
0.11
0.14
0.17
0.13
0.11
0.05
0.04
0.07
0.16
0.11
0.05
0.04
0.05
0.08
0.17
0.12
0.10
0.06
0.03
0.06
0.10
0.04
0.15
0.20
0.04
0.05
0.08
0.11
0.14
0.10
0.02
0.08
0.06
0.02
0.02
0.01
0.01
0.03
0.03
0.02
0.07
0.09
0.13
0.12
0.07
0.07
0.06
0.04
0.04
0.04
0.04
0.06
0.11
0.13
0.14
0.13
0.11
0.11
0.08
0.05
0.10
0.15
0.17
0.10
0.05
0.06
0.10
0.20
0.12
0.07
0.05
0.04
0.04
0.06
0.09
0.05
0.03
0.04
0.05
0.07
0.05
0.03
0.03
0.03
0.11
0.16
0.17
0.13
0.11
0.15
0.19
0.15
0.15
0.08
0.06
0.06
0.05
0.08
0.07
0.03
0.03
0.05
0.13
0.07
0.03
0.02
0.02
0.03
0.08
0.03
0.02
0.02
0.03
0.04
0.05
0.03
0.02
0.02
0.01
0.01
0.01
0.01
0.01
0.01
0.02
0.02
0.03
0.02
0.01
0.01
0.01
0.02
0.02
0.02
0.01
0.01
0.02
0.03
0.02
0.03
0.01
0.01
0.01
0.02
0.01
0.02
0.01
0.01
0.04
0.04
0.02
0.63
0.71
0.62
0.55
0.46
0.39
0.35
0.33
0.32
0.71
0.68
0.64
0.60
0.59
0.54
0.49
0.45
0.41
0.37
0.34
0.32
0.32
0.33
0.33
0.63
0.55
0.50
0.46
0.42
0.38
0.34
0.31
0.51
0.64
0.62
0.54
0.51
0.49
0.42
0.44
0.40
0.42
0.39
0.36
0.36
0.37
0.34
0.68
0.73
0.68
0.66
0.62
0.58
0.52
0.47
0.40
0.35
0.29
0.24
0.19
0.15
0.14
0.12
0.12
0.13
0.11
0.10
0.08
0.08
0.05
0.03
0.02
0.04
0.69
0.81
0.73
0.80
0.71
0.83
0.86
0.84
0.86
0.88
0.90
0.94
0.96
0.96
0.91
0.89
0.85
0.79
0.71
0.61
0.56
0.56
0.53
0.49
0.48
0.43
0.37
0.33
0.31
0.43
0.73
0.62
0.63
0.54
0.49
0.46
0.44
0.41
0.38
0.38
0.37
0.36
0.34
0.36
0.52
0.63
0.63
0.57
0.49
0.40
0.31
0.28
0.28
0.69
0.67
0.63
0.60
0.59
0.54
0.53
0.47
0.45
0.38
0.39
0.36
0.40
0.43
0.44
0.57
0.52
0.47
0.45
0.39
0.36
0.33
0.31
0.29
0.27
0.25
0.21
0.19
0.16
0.14
0.11
0.10
0.06
0.05
0.03
0.03
0.05
0.06
0.03
0.03
0.03
0.40
0.35
0.62
0.52
0.29
0.52
0.64
0.51
0.71
0.30
0.22
0.63
0.55
0.84
0.51
0.18
0.17
0.46
0.54
0.68
0.76
0.62
0.63
0.61
0.56
0.53
0.51
0.47
0.42
0.59
0.60
0.53
0.50
0.46
0.44
0.43
0.42
0.38
0.33
0.34
0.31
0.31
0.35
0.33
0.58
0.62
0.57
0.54
0.51
0.47
0.44
0.40
0.44
0.74
0.64
0.63
0.56
0.56
0.49
0.48
0.48
0.47
0.45
0.38
0.35
0.36
0.39
0.48
0.64
0.63
0.61
0.58
0.55
0.53
0.50
0.45
0.43
0.41
0.35
0.32
0.28
0.25
0.20
0.17
0.14
0.09
0.07
0.04
0.04
0.07
0.06
0.02
0.02
0.30
0.50
0.28
0.32
0.39
0.15
0.30
0.46
0.22
0.04
0.02
0.02
0.02
0.02
0.04
0.02
0.03
0.02
0.05
0.04
0.10
0.04
0.04
0.03
0.16
0.22
0.16
0.06
0.06
0.12
0.40
0.44
0.27
0.18
0.13
0.09
0.10
0.15
0.19
0.22
0.30
0.36
0.39
0.40
0.33
0.13
0.09
0.12
0.17
0.16
0.18
0.20
0.20
0.33
0.31
0.29
0.25
0.21
0.21
0.26
0.29
0.27
0.23
0.27
0.28
0.30
0.26
0.26
0.24
0.11
0.07
0.11
0.10
0.08
0.09
0.08
0.10
0.10
0.12
0.10
0.10
0.04
0.03
0.02
0.02
0.04
0.04
0.01
0.03
0.09
0.05
0.03
0.02
0.01
0.79
0.76
0.85
0.60
0.60
0.65
0.77
0.80
0.79
0.76
0.71
0.75
0.87
0.88
0.87
0.84
0.84
0.83
0.70
0.75
0.72
0.71
0.65
0.63
0.59
0.54
0.51
0.50
0.50
0.48
0.51
0.43
0.33
0.27
0.23
0.20
0.21
0.30
0.30
0.26
0.27
0.29
0.27
0.26
0.11
0.06
0.08
0.15
0.18
0.16
0.19
0.22
0.19
0.26
0.25
0.19
0.14
0.15
0.20
0.23
0.25
0.24
0.18
0.22
0.30
0.33
0.30
0.25
0.10
0.07
0.12
0.20
0.16
0.12
0.11
0.14
0.18
0.20
0.18
0.16
0.15
0.15
0.15
0.16
0.18
0.17
0.17
0.18
0.19
0.21
0.19
0.02
0.02
0.07
0.82
0.61
0.57
0.83
0.91
0.90
0.98
0.97
0.98
1.00
0.95
0.76
0.41
0.15
0.03
0.05
0.02
0.04
0.06
0.08
0.06
0.04
0.03
0.06
0.21
0.22
0.10
0.13
0.12
0.26
0.39
0.31
0.19
0.21
0.25
0.26
0.27
0.26
0.28
0.29
0.28
0.29
0.26
0.23
0.07
0.07
0.11
0.15
0.17
0.18
0.19
0.21
0.23
0.33
0.27
0.21
0.17
0.22
0.27
0.30
0.31
0.28
0.24
0.27
0.29
0.30
0.34
0.26
0.15
0.12
0.15
0.15
0.11
0.11
0.14
0.18
0.19
0.18
0.15
0.04
0.03
0.03
0.02
0.04
0.03
0.02
0.02
0.02
0.05
0.06
0.03
0.02
0.02
0.34
0.41
0.45
0.49
0.78
0.70
0.61
0.49
0.51
0.63
0.70
0.71
0.57
0.47
0.39
0.46
0.39
0.36
0.53
0.71
0.67
0.69
0.68
0.61
0.63
0.57
0.50
0.51
0.47
0.44
0.42
0.39
0.33
0.28
0.26
0.25
0.25
0.25
0.26
0.29
0.28
0.23
0.25
0.29
0.25
0.08
0.11
0.31
0.70
0.73
0.74
0.73
0.83
0.73
0.51
0.40
0.45
0.44
0.48
0.39
0.42
0.41
0.36
0.33
0.32
0.29
0.35
0.35
0.19
0.12
0.11
0.13
0.13
0.12
0.11
0.12
0.15
0.15
0.16
0.15
0.14
0.15
0.15
0.16
0.16
0.16
0.17
0.17
0.17
0.18
0.19
0.06
0.01
0.03
0.71
0.81
0.74
0.78
0.77
0.83
0.77
0.80
0.83
0.82
0.84
0.90
0.88
0.90
0.92
0.86
0.84
0.78
0.66
0.62
0.59
0.68
0.66
0.58
0.60
0.52
0.50
0.48
0.42
0.56
0.70
0.64
0.57
0.53
0.49
0.45
0.43
0.44
0.42
0.37
0.34
0.33
0.34
0.34
0.53
0.70
0.64
0.61
0.55
0.49
0.43
0.37
0.32
0.71
0.66
0.62
0.57
0.55
0.53
0.48
0.42
0.45
0.38
0.36
0.32
0.31
0.29
0.37
0.76
0.72
0.67
0.63
0.60
0.55
0.49
0.46
0.42
0.38
0.34
0.30
0.28
0.25
0.22
0.19
0.16
0.12
0.10
0.07
0.05
0.03
0.02
0.02
0.03
0.02
0.01
0.02
0.02
0.01
0.02
0.01
0.01
0.01
0.02
0.02
0.01
0.01
0.01
0.01
0.02
0.01
0.01
0.01
0.02
0.01
0.47
0.73
0.64
0.56
0.48
0.41
0.36
0.34
0.33
0.61
0.70
0.65
0.62
0.59
0.55
0.51
0.44
0.43
0.38
0.34
0.30
0.29
0.28
0.22
0.62
0.59
0.52
0.47
0.42
0.38
0.35
0.32
0.39
0.70
0.61
0.56
0.56
0.46
0.49
0.39
0.40
0.38
0.33
0.33
0.32
0.34
0.38
0.62
0.74
0.68
0.67
0.63
0.60
0.54
0.48
0.42
0.36
0.31
0.26
0.21
0.17
0.14
0.13
0.12
0.13
0.11
0.10
0.09
0.07
0.05
0.03
0.03
0.02
0.02
0.02
0.01
0.02
0.02
0.01
0.01
0.01
0.01
0.02
0.02
0.01
0.01
0.02
0.01
0.02
0.01
0.01
0.01
0.02
0.02
0.60
0.62
0.55
0.51
0.46
0.41
0.37
0.33
0.31
0.81
0.67
0.62
0.58
0.52
0.46
0.46
0.41
0.37
0.35
0.32
0.29
0.29
0.32
0.40
0.68
0.62
0.59
0.52
0.43
0.34
0.30
0.29
0.59
0.70
0.60
0.65
0.56
0.59
0.50
0.49
0.43
0.41
0.36
0.35
0.34
0.34
0.34
0.59
0.54
0.49
0.43
0.41
0.38
0.35
0.32
0.30
0.28
0.26
0.24
0.22
0.20
0.18
0.16
0.14
0.13
0.13
0.12
0.12
0.13
0.12
0.13
0.12
0.13
0.13
0.12
0.13
0.13
0.12
0.13
0.13
0.12
0.14
0.13
0.12
0.14
0.13
0.12
0.14
0.13
0.12
0.14
0.13
0.13
0.27
0.77
0.72
0.69
0.66
0.60
0.57
0.51
0.46
0.53
0.66
0.56
0.52
0.50
0.47
0.44
0.42
0.38
0.36
0.31
0.26
0.28
0.31
0.27
0.49
0.62
0.57
0.54
0.50
0.47
0.43
0.40
0.38
0.69
0.68
0.61
0.60
0.56
0.53
0.50
0.44
0.42
0.35
0.34
0.32
0.32
0.33
0.41
0.63
0.62
0.62
0.58
0.57
0.54
0.52
0.49
0.44
0.40
0.36
0.34
0.30
0.25
0.24
0.21
0.18
0.15
0.16
0.15
0.14
0.15
0.14
0.12
0.14
0.25
0.41
0.13
0.25
0.25
0.14
0.25
0.22
0.14
0.15
0.12
0.13
0.14
0.12
0.14
0.14
0.12
0.15
0.14
0.13
0.15
0.39
0.64
0.55
0.48
0.43
0.38
0.34
0.31
0.28
0.59
0.65
0.56
0.55
0.55
0.48
0.45
0.40
0.36
0.31
0.31
0.28
0.30
0.27
0.26
0.67
0.63
0.63
0.60
0.54
0.56
0.46
0.43
0.58
0.73
0.67
0.62
0.59
0.53
0.51
0.48
0.43
0.40
0.36
0.33
0.33
0.33
0.31
0.52
0.66
0.63
0.61
0.59
0.56
0.52
0.49
0.45
0.43
0.39
0.35
0.31
0.27
0.24
0.20
0.18
0.14
0.09
0.06
0.08
0.14
0.15
0.06
0.03
0.04
0.54
0.54
0.61
0.62
0.90
0.89
0.86
0.93
0.95
0.97
0.93
0.84
0.87
0.98
0.99
0.98
0.97
0.92
0.89
0.95
0.92
0.88
0.86
0.79
0.77
0.65
0.42
0.40
0.39
0.36
0.68
0.59
0.53
0.49
0.42
0.39
0.38
0.34
0.31
0.28
0.27
0.32
0.37
0.31
0.40
0.73
0.65
0.67
0.54
0.53
0.55
0.45
0.40
0.71
0.71
0.60
0.59
0.53
0.49
0.46
0.42
0.40
0.35
0.35
0.31
0.33
0.33
0.33
0.73
0.69
0.62
0.57
0.52
0.46
0.44
0.39
0.37
0.33
0.30
0.28
0.24
0.21
0.19
0.17
0.17
0.11
0.08
0.07
0.12
0.14
0.16
0.03
0.03
0.11
0.71
0.69
0.65
0.84
0.72
0.83
0.85
0.87
0.88
0.91
0.93
0.95
0.96
0.93
0.88
0.86
0.83
0.76
0.67
0.61
0.58
0.67
0.60
0.56
0.55
0.49
0.44
0.39
0.35
0.52
0.70
0.65
0.57
0.56
0.48
0.44
0.40
0.39
0.33
0.31
0.28
0.26
0.27
0.21
0.52
0.65
0.62
0.56
0.48
0.39
0.32
0.29
0.30
0.74
0.67
0.61
0.63
0.56
0.57
0.49
0.48
0.40
0.35
0.30
0.29
0.30
0.26
0.36
0.57
0.53
0.49
0.45
0.40
0.37
0.33
0.30
0.30
0.30
0.25
0.20
0.19
0.16
0.14
0.13
0.16
0.06
0.04
0.05
0.13
0.16
0.12
0.03
0.04
0.22
0.68
0.56
0.53
0.76
0.87
0.77
0.86
0.89
0.93
0.96
0.89
0.79
0.97
0.98
0.96
0.96
0.97
0.80
0.89
0.95
0.88
0.77
0.79
0.64
0.58
0.49
0.48
0.45
0.41
0.61
0.60
0.53
0.47
0.48
0.43
0.42
0.40
0.37
0.31
0.27
0.24
0.25
0.27
0.19
0.65
0.61
0.58
0.48
0.45
0.54
0.55
0.40
0.48
0.69
0.62
0.58
0.57
0.56
0.48
0.50
0.43
0.39
0.36
0.30
0.30
0.29
0.24
0.50
0.66
0.63
0.63
0.58
0.56
0.53
0.48
0.46
0.43
0.39
0.35
0.31
0.28
0.24
0.20
0.18
0.14
0.09
0.06
0.08
0.14
0.15
0.07
0.03
0.03
0.40
0.53
0.34
0.47
0.39
0.43
0.59
0.72
0.62
0.63
0.63
0.54
0.58
0.53
0.44
0.43
0.39
0.36
0.32
0.29
0.26
0.22
0.19
0.13
0.19
0.29
0.21
0.08
0.06
0.11
0.39
0.42
0.19
0.07
0.08
0.08
0.06
0.17
0.12
0.05
0.04
0.12
0.19
0.15
0.05
0.04
0.06
0.14
0.15
0.13
0.10
0.05
0.06
0.18
0.20
0.11
0.03
0.04
0.10
0.06
0.08
0.17
0.06
0.05
0.12
0.22
0.12
0.12
0.03
0.07
0.15
0.17
0.14
0.13
0.06
0.06
0.11
0.12
0.13
0.05
0.03
0.06
0.06
0.04
0.10
0.10
0.04
0.04
0.09
0.10
0.10
0.02
0.03
0.05
0.08
0.12
0.09
0.10
0.04
0.06
0.10
0.11
0.07
0.02
0.03
0.07
0.03
0.07
0.10
0.06
0.03
0.05
0.09
0.10
0.05
0.04
0.08
0.12
0.15
0.28
0.17
0.07
0.08
0.16
0.41
0.39
0.10
0.06
0.09
0.06
0.10
0.22
0.09
0.05
0.06
0.16
0.22
0.13
0.03
0.04
0.08
0.15
0.14
0.10
0.10
0.05
0.09
0.28
0.19
0.06
0.03
0.05
0.11
0.08
0.10
0.12
0.06
0.06
0.24
0.20
0.08
0.05
0.05
0.17
0.30
0.15
0.14
0.11
0.07
0.13
0.17
0.10
0.11
0.02
0.04
0.10
0.04
0.04
0.09
0.08
0.04
0.05
0.05
0.06
0.04
0.02
0.03
0.05
0.05
0.05
0.11
0.08
0.05
0.07
0.07
0.06
0.03
0.02
0.04
0.05
0.02
0.04
0.12
0.06
0.02
0.03
0.03
0.04
0.03
0.06
0.07
0.11
0.11
0.19
0.15
0.06
0.08
0.16
0.42
0.35
0.06
0.08
0.14
0.04
0.18
0.22
0.08
0.05
0.04
0.10
0.14
0.06
0.03
0.06
0.06
0.09
0.07
0.13
0.09
0.08
0.16
0.30
0.18
0.04
0.03
0.08
0.10
0.08
0.07
0.15
0.05
0.07
0.15
0.10
0.03
0.01
0.03
0.10
0.10
0.07
0.09
0.14
0.08
0.08
0.07
0.08
0.04
0.02
0.03
0.08
0.02
0.02
0.11
0.07
0.02
0.02
0.01
0.02
0.01
0.01
0.04
0.05
0.07
0.06
0.14
0.07
0.07
0.07
0.08
0.04
0.02
0.01
0.06
0.04
0.02
0.04
0.12
0.04
0.02
0.01
0.01
0.02
0.05
0.10
0.06
0.07
0.07
0.18
0.13
0.09
0.15
0.12
0.28
0.17
0.06
0.06
0.08
0.05
0.19
0.16
0.06
0.05
0.03
0.09
0.13
0.04
0.03
0.06
0.05
0.08
0.08
0.14
0.08
0.04
0.11
0.25
0.14
0.02
0.05
0.08
0.07
0.21
0.14
0.09
0.04
0.15
0.22
0.14
0.03
0.04
0.10
0.30
0.25
0.09
0.13
0.09
0.11
0.17
0.13
0.06
0.03
0.02
0.09
0.07
0.02
0.03
0.12
0.05
0.06
0.04
0.02
0.02
0.01
0.03
0.05
0.03
0.04
0.05
0.15
0.04
0.05
0.04
0.07
0.03
0.02
0.01
0.06
0.03
0.02
0.09
0.07
0.02
0.01
0.01
0.01
0.01
0.01
0.03
0.03
0.04
0.02
0.12
0.08
0.03
0.03
0.06
0.04
0.02
0.02
0.05
0.03
0.01
0.02
0.12
0.03
0.01
0.01
0.01
0.01
0.01
0.02
0.03
0.03
0.02
0.06
0.11
0.02
0.01
0.04
0.05
0.02
0.01
0.02
0.05
0.02
0.01
0.10
0.06
0.02
0.01
0.01
0.01
0.01
0.01
0.02
0.01
0.01
0.01
0.12
0.05
0.02
0.01
0.06
0.03
0.01
0.01
0.05
0.02
0.01
0.06
0.08
0.02
0.01
0.01
0.01
0.01
0.01
0.01
0.01
0.01
0.01
0.08
0.08
0.02
0.01
0.04
0.04
0.02
0.01
0.03
0.04
0.02
0.01
0.11
0.05
0.02
0.01
0.01
0.01
0.01
0.01
0.01
0.01
0.01
0.01
0.13
0.04
0.01
0.01
0.06
0.02
0.01
0.01
0.05
0.02
0.01
0.08
0.06
0.01
0.01
0.01
0.01
0.01
0.01
0.01
0.01
0.01
0.01
0.10
0.05
0.02
0.01
0.05
0.03
0.02
0.01
0.04
0.03
0.01
0.01
0.11
0.04
0.01
0.01
0.01
0.01
0.01
0.01
0.01
0.01
0.01
0.03
0.11
0.03
0.01
0.02
0.05
0.02
0.01
0.01
0.05
0.02
0.01
0.08
0.05
0.01
0.01
0.01
0.01
0.01
0.01
0.01
0.01
0.01
0.01
0.10
0.04
0.01
0.01
0.05
0.03
0.01
0.01
0.04
0.03
0.01
0.04
0.09
0.03
0.01
0.01
0.01
0.01
0.01
0.01
0.01
0.01
0.01
0.01
0.01
0.01
0.01
0.01
0.01
0.01
0.01
0.01
0.01
0.01
0.01
0.01
0.01
0.01
0.01
0.01
0.01
0.01
0.01
0.01
0.01
0.01
0.01
0.01
0.01
0.01
0.01
0.01
0.01
0.01
0.01
0.01
0.01